36.997409, -122.055591
36.997189, -122.055307
36.996932, -122.055380
36.996761, -122.055369
36.996570, -122.055321
36.996230, -122.055254
36.995982, -122.055262
36.995648, -122.055402
36.995489, -122.055426
36.995397, -122.055448
36.995227, -122.055496
36.995011, -122.055574
36.994813, -122.055633
36.994420, -122.055654
36.994215, -122.055627
36.994000, -122.055563
36.993644, -122.055380
36.993306, -122.055203
36.992740, -122.055163
36.992684, -122.055171
36.992187, -122.055152
36.991794, -122.055064
36.991561, -122.054943
36.991025, -122.054664
36.991010, -122.054618
36.991046, -122.054181
36.991044, -122.054162
36.990778, -122.053191
36.990699, -122.052968
36.990626, -122.052748
36.990521, -122.052292
36.990726, -122.052198
36.990720, -122.052099
36.990810, -122.052168
36.990999, -122.052081
36.991040, -122.052207
36.991072, -122.052312
36.991543, -122.053929
36.991048, -122.054181
36.991014, -122.054627
36.991093, -122.054673
36.991357, -122.054799
36.991606, -122.054938
36.991805, -122.055045
36.992013, -122.055109
36.992283, -122.055139
36.992572, -122.055139
36.992861, -122.055139
36.993150, -122.055147
36.993321, -122.055174
36.993518, -122.055268
36.993762, -122.055416
36.993942, -122.055510
36.994165, -122.055593
36.994373, -122.055620
36.994628, -122.055628
36.994836, -122.055596
36.995106, -122.055507
36.995543, -122.055397
36.995693, -122.055349
36.995918, -122.055252
36.996102, -122.055212
36.996357, -122.055250
36.996665, -122.055320
36.996907, -122.055347
36.997053, -122.055320
36.997346, -122.055178
36.997539, -122.055111
36.997638, -122.055108
36.997944, -122.055197
36.998107, -122.055221
36.998248, -122.055205
36.998492, -122.055106
36.998758, -122.054961
36.998807, -122.054958
36.998837, -122.054992
36.998931, -122.055204
36.999008, -122.055346
36.999109, -122.055491
36.999210, -122.055580
36.999428, -122.055733
36.999657, -122.055894
36.999888, -122.056106
36.999986, -122.056243
37.000306, -122.055987
37.000437, -122.055882
37.000730, -122.055737
37.001064, -122.055579
37.001102, -122.055565
37.001239, -122.055495
37.001230, -122.055334
37.001076, -122.055280
37.000905, -122.055189
37.000751, -122.055092
37.000614, -122.054958
37.000525, -122.054844
37.000450, -122.054820
37.000390, -122.054740
37.000377, -122.054630
37.000458, -122.054566
37.000533, -122.054612
37.000563, -122.054722
37.000550, -122.054819
37.000679, -122.054980
37.000855, -122.055119
37.001020, -122.055213
37.001236, -122.055291
37.001253, -122.055355
37.001270, -122.055492
37.001347, -122.055464
37.001880, -122.055284
37.002180, -122.055169
37.002194, -122.055104
37.002243, -122.055115
37.002237, -122.055174
37.001830, -122.055346
37.001462, -122.055469
37.001282, -122.055531
37.001053, -122.055628
37.000738, -122.055765
37.000483, -122.055899
37.000213, -122.056103
37.000024, -122.056252
37.000014, -122.056313
37.000085, -122.056544
37.000126, -122.056850
37.000094, -122.057107
37.000025, -122.057464
36.999933, -122.057917
36.999826, -122.058566
36.999843, -122.059049
36.999942, -122.059526
37.000088, -122.060138
37.000195, -122.060691
37.000182, -122.061340
37.000143, -122.061603
37.000074, -122.061850
36.999915, -122.062207
36.999784, -122.062475
36.999703, -122.062757
36.999598, -122.063202
36.999508, -122.063645
36.999427, -122.063999
36.999401, -122.064377
36.999382, -122.064428
36.999298, -122.064460
36.999088, -122.064498
36.998850, -122.064530
36.998713, -122.064538
36.998580, -122.064498
36.998400, -122.064375
36.998216, -122.064168
36.998027, -122.063932
36.997883, -122.063795
36.997802, -122.063747
36.997590, -122.063701
36.997371, -122.063680
36.997031, -122.063669
36.996823, -122.063666
36.996639, -122.063709
36.996408, -122.063736
36.996258, -122.063752
36.996151, -122.063736
36.995765, -122.063511
36.995521, -122.063377
36.995380, -122.063345
36.995119, -122.063377
36.994648, -122.063447
36.994271, -122.063495
36.993864, -122.063672
36.993410, -122.063886
36.993204, -122.064004
36.993101, -122.064111
36.992977, -122.064331
36.992917, -122.064508
36.992917, -122.065356
36.992891, -122.065748
36.992784, -122.066102
36.992600, -122.066386
36.992373, -122.066584
36.992137, -122.066691
36.991927, -122.066718
36.991743, -122.066697
36.991484, -122.066582
36.991274, -122.066421
36.991038, -122.066282
36.990862, -122.066223
36.990686, -122.066223
36.990510, -122.066277
36.990343, -122.066379
36.990210, -122.066486
36.990047, -122.066786
36.989867, -122.067188
36.989700, -122.067467
36.989527, -122.067678
36.989469, -122.067721
36.989430, -122.067726
36.989413, -122.067713
36.989272, -122.067466
36.989231, -122.067407
36.989177, -122.067345
36.989121, -122.067305
36.989003, -122.067241
36.988887, -122.067182
36.988818, -122.067134
36.988767, -122.067080
36.988716, -122.066975
36.988669, -122.066951
36.988562, -122.066895
36.988489, -122.066851
36.988446, -122.066736
36.988429, -122.066524
36.988444, -122.066057
36.988442, -122.065861
36.988376, -122.065367
36.988415, -122.064930
36.988451, -122.064809
36.988496, -122.064785
36.988529, -122.064788
36.988529, -122.064788
36.988574, -122.064800
36.988601, -122.064866
36.988558, -122.065215
36.988565, -122.065518
36.988608, -122.065735
36.988606, -122.066140
36.988597, -122.066569
36.988700, -122.066939
36.988820, -122.067137
36.989109, -122.067301
36.989228, -122.067404
36.989423, -122.067718
36.989624, -122.067530
36.989864, -122.067146
36.990170, -122.066486
36.990348, -122.066335
36.990524, -122.066238
36.990697, -122.066191
36.990791, -122.066196
36.990980, -122.066217
36.991201, -122.066332
36.991297, -122.066421
36.991481, -122.066555
36.991697, -122.066644
36.991828, -122.066679
36.992214, -122.066631
36.992293, -122.066593
36.992477, -122.066475
36.992639, -122.066305
36.992714, -122.066192
36.992830, -122.065951
36.992877, -122.065669
36.992890, -122.065074
36.992891, -122.064680
36.992918, -122.064420
36.993009, -122.064200
36.993080, -122.064098
36.993269, -122.063926
36.993963, -122.063601
36.994225, -122.063472
36.994160, -122.063006
36.994094, -122.062828
36.993991, -122.062672
36.993871, -122.062581
36.993734, -122.062517
36.993815, -122.062104
36.993836, -122.061734
36.993930, -122.061482
36.993986, -122.061428
36.994106, -122.061396
36.994736, -122.061466
36.994961, -122.061471
36.995194, -122.061416
36.995768, -122.061318
36.995935, -122.061323
36.996124, -122.061436
36.996338, -122.061785
36.996445, -122.061983
36.996544, -122.062128
36.997041, -122.062434
36.997131, -122.062441
36.997210, -122.062403
36.997379, -122.062205
36.997523, -122.061974
36.997592, -122.061904
36.997738, -122.061920
36.997762, -122.061826
36.997618, -122.061209
36.997489, -122.060882
36.997371, -122.060705
36.997218, -122.060506
36.997044, -122.060262
36.996945, -122.060058
36.996859, -122.059752
36.996773, -122.059307
36.996702, -122.059092
36.996507, -122.058794
36.996477, -122.058724
36.996516, -122.058542
36.996739, -122.058228
36.996951, -122.058005
36.997013, -122.057879
36.997015, -122.057723
36.996938, -122.057404
36.996936, -122.057313
36.997101, -122.056935
36.997219, -122.056578
36.997247, -122.056374
36.997228, -122.055781
36.997241, -122.055692
36.997376, -122.055705
36.997409, -122.055591
