36.997352, -122.055639
36.997259, -122.055667
36.997272, -122.056260
36.997268, -122.056469
36.997255, -122.056558
36.997163, -122.056850
36.997094, -122.057043
36.996998, -122.057220
36.996962, -122.057306
36.996958, -122.057386
36.997039, -122.057694
36.997039, -122.057820
36.997015, -122.057946
36.996991, -122.058000
36.996745, -122.058279
36.996625, -122.058435
36.996499, -122.058709
36.996595, -122.058878
36.996745, -122.059114
36.996784, -122.059232
36.996865, -122.059637
36.996938, -122.059948
36.997022, -122.060152
36.997198, -122.060439
36.997333, -122.060605
36.997479, -122.060798
36.997573, -122.061002
36.997637, -122.061174
36.997714, -122.061456
36.997778, -122.061730
36.997784, -122.061859
36.997784, -122.061859
36.997724, -122.061918
36.997637, -122.061905
36.997571, -122.061926
36.997449, -122.062087
36.997310, -122.062299
36.997222, -122.062398
36.997149, -122.062438
36.997095, -122.062443
36.997056, -122.062438
36.996773, -122.062269
36.996533, -122.062113
36.996469, -122.062038
36.996439, -122.061966
36.996212, -122.061553
36.996075, -122.061392
36.995968, -122.061344
36.995758, -122.061317
36.995617, -122.061328
36.995206, -122.061414
36.994996, -122.061473
36.994893, -122.061478
36.994662, -122.061462
36.994358, -122.061419
36.994097, -122.061392
36.993996, -122.061424
36.993940, -122.061462
36.993874, -122.061567
36.993833, -122.061725
36.993829, -122.061891
36.993812, -122.062063
36.993741, -122.062044
36.993660, -122.061977
36.993602, -122.061872
36.993540, -122.061698
36.993479, -122.061530
36.993415, -122.061332
36.993402, -122.061238
36.993411, -122.061093
36.993402, -122.061037
36.993355, -122.060973
36.993256, -122.061078
36.993145, -122.061171
36.993027, -122.061270
36.993027, -122.061294
36.993192, -122.061670
36.993265, -122.061901
36.993340, -122.062129
36.993458, -122.062306
36.993700, -122.062478
36.993976, -122.062607
36.994085, -122.062746
36.994173, -122.062939
36.994220, -122.063191
36.994248, -122.063432
36.994271, -122.063495
36.993864, -122.063672
36.993410, -122.063886
36.993204, -122.064004
36.993101, -122.064111
36.992977, -122.064331
36.992917, -122.064508
36.992917, -122.065356
36.992891, -122.065748
36.992784, -122.066102
36.992600, -122.066386
36.992373, -122.066584
36.992137, -122.066691
36.991927, -122.066718
36.991743, -122.066697
36.991484, -122.066582
36.991274, -122.066421
36.991038, -122.066282
36.990862, -122.066223
36.990686, -122.066223
36.990510, -122.066277
36.990343, -122.066379
36.990210, -122.066486
36.990047, -122.066786
36.989867, -122.067188
36.989700, -122.067467
36.989527, -122.067678
36.989469, -122.067721
36.989430, -122.067726
36.989413, -122.067713
36.989272, -122.067466
36.989231, -122.067407
36.989177, -122.067345
36.989121, -122.067305
36.989003, -122.067241
36.988887, -122.067182
36.988818, -122.067134
36.988767, -122.067080
36.988716, -122.066975
36.988669, -122.066951
36.988562, -122.066895
36.988489, -122.066851
36.988446, -122.066736
36.988429, -122.066524
36.988444, -122.066057
36.988442, -122.065861
36.988376, -122.065367
36.988415, -122.064930
36.988451, -122.064809
36.988496, -122.064785
36.988529, -122.064788
36.988529, -122.064788
36.988574, -122.064800
36.988601, -122.064866
36.988558, -122.065215
36.988565, -122.065518
36.988608, -122.065735
36.988606, -122.066140
36.988597, -122.066569
36.988700, -122.066939
36.988820, -122.067137
36.989109, -122.067301
36.989228, -122.067404
36.989423, -122.067718
36.989624, -122.067530
36.989864, -122.067146
36.990170, -122.066486
36.990348, -122.066335
36.990524, -122.066238
36.990697, -122.066191
36.990791, -122.066196
36.990980, -122.066217
36.991201, -122.066332
36.991297, -122.066421
36.991481, -122.066555
36.991697, -122.066644
36.991828, -122.066679
36.992214, -122.066631
36.992293, -122.066593
36.992477, -122.066475
36.992639, -122.066305
36.992714, -122.066192
36.992830, -122.065951
36.992877, -122.065669
36.992890, -122.065074
36.992891, -122.064680
36.992918, -122.064420
36.993009, -122.064200
36.993080, -122.064098
36.993269, -122.063926
36.993963, -122.063601
36.994225, -122.063472
36.994370, -122.063453
36.994997, -122.063361
36.995401, -122.063313
36.995447, -122.063327
36.995738, -122.063466
36.995955, -122.063603
36.996152, -122.063700
36.996322, -122.063713
36.996538, -122.063695
36.996715, -122.063657
36.997171, -122.063636
36.997484, -122.063657
36.997685, -122.063692
36.997850, -122.063735
36.997953, -122.063826
36.998135, -122.064020
36.998320, -122.064259
36.998496, -122.064409
36.998664, -122.064493
36.998759, -122.064514
36.999140, -122.064463
36.999372, -122.064407
36.999384, -122.064394
36.999404, -122.064045
36.999451, -122.063755
36.999612, -122.063031
36.999724, -122.062605
36.999837, -122.062323
37.000012, -122.061948
37.000124, -122.061599
37.000178, -122.061202
37.000190, -122.060810
37.000103, -122.060276
37.000014, -122.059895
36.999871, -122.059334
36.999808, -122.058975
36.999833, -122.058337
36.999898, -122.057983
37.000104, -122.056873
37.000075, -122.056578
37.000001, -122.056363
36.999995, -122.056248
37.000218, -122.056050
37.000428, -122.055889
37.000796, -122.055707
37.001102, -122.055565
37.001239, -122.055495
37.001230, -122.055334
37.001076, -122.055280
37.000905, -122.055189
37.000751, -122.055092
37.000614, -122.054958
37.000525, -122.054844
37.000450, -122.054820
37.000390, -122.054740
37.000377, -122.054630
37.000458, -122.054566
37.000533, -122.054612
37.000563, -122.054722
37.000550, -122.054819
37.000679, -122.054980
37.000855, -122.055119
37.001020, -122.055213
37.001236, -122.055291
37.001253, -122.055355
37.001270, -122.055492
37.001391, -122.055455
37.001974, -122.055251
37.002205, -122.055144
37.002230, -122.055137
37.002234, -122.055164
37.002193, -122.055206
37.001966, -122.055305
37.001756, -122.055375
37.001460, -122.055474
37.001310, -122.055525
37.001214, -122.055563
37.000925, -122.055689
37.000704, -122.055786
37.000515, -122.055885
37.000438, -122.055928
37.000220, -122.056100
37.000006, -122.056277
36.999965, -122.056272
36.999861, -122.056113
36.999752, -122.056011
36.999572, -122.055877
36.999383, -122.055748
36.999199, -122.055611
36.999094, -122.055522
36.999013, -122.055407
36.998912, -122.055238
36.998801, -122.054975
36.998698, -122.054712
36.998625, -122.054479
36.998582, -122.054294
36.998565, -122.054278
36.998406, -122.054257
36.998327, -122.054230
36.998282, -122.054179
36.998228, -122.054069
36.998183, -122.053972
36.998119, -122.053862
36.998072, -122.053800
36.997875, -122.053610
36.997819, -122.053540
36.997750, -122.053331
36.997690, -122.053065
36.997647, -122.052875
36.997641, -122.052650
36.997658, -122.052438
36.997692, -122.052202
36.997675, -122.052167
36.997596, -122.052092
36.997570, -122.052001
36.997611, -122.051904
36.997705, -122.051893
36.997793, -122.051971
36.997806, -122.052035
36.997720, -122.052231
36.997677, -122.052564
36.997671, -122.052840
36.997742, -122.053162
36.997823, -122.053468
36.997868, -122.053559
36.998074, -122.053755
36.998228, -122.054002
36.998324, -122.054182
36.998414, -122.054222
36.998577, -122.054245
36.998609, -122.054301
36.998690, -122.054599
36.998810, -122.054918
36.998769, -122.054982
36.998591, -122.055087
36.998430, -122.055173
36.998254, -122.055243
36.998123, -122.055251
36.997979, -122.055243
36.997838, -122.055197
36.997690, -122.055157
36.997570, -122.055144
36.997519, -122.055147
36.997324, -122.055230
36.997208, -122.055292
36.997244, -122.055431
36.997330, -122.055466
36.997352, -122.055639
